1	ITER	1410	1
1	ITER	1572	1
1	ITER	1605	1
1	ITER	2020	1
1	ITER	2358	1
2	ITER	2434	1
2	ITER	2863	1
2	ITER	3078	1
3	ITER	1134	1
3	ITER	1613	1
3	ITER	1807	1
3	ITER	1947	1
3	ITER	2290	1
3	ITER	2923	1
4	ITER	1749	1
4	ITER	1811	1
4	ITER	2256	1
4	ITER	2371	1
4	ITER	2597	1
4	ITER	2796	1
4	ITER	2912	1
4	ITER	3043	1
4	ITER	3073	1
4	ITER	3082	1
4	ITER	3127	1
4	ITER	3128	1
5	ITER	756	1
5	ITER	1307	1
5	ITER	1502	1
5	ITER	2035	1
5	ITER	2299	1
5	ITER	2399	1
5	ITER	2501	1
5	ITER	2820	1
6	ITER	1543	1
6	ITER	2078	1
6	ITER	2828	1
7	ITER	1198	1
7	ITER	1338	1
7	ITER	1877	1
7	ITER	1960	1
7	ITER	2150	1
7	ITER	2228	1
7	ITER	2256	1
7	ITER	2280	1
7	ITER	2320	1
7	ITER	2342	1
7	ITER	2376	1
7	ITER	2482	1
7	ITER	2578	1
7	ITER	2597	1
7	ITER	2618	1
7	ITER	2685	1
7	ITER	2700	1
7	ITER	2777	1
7	ITER	2865	1
7	ITER	2866	1
7	ITER	2895	1
7	ITER	2912	1
7	ITER	2941	1
7	ITER	3043	1
7	ITER	3082	1
7	ITER	3128	1
7	ITER	3141	1
7	ITER	3148	1
8	ITER	2625	1
8	ITER	2849	1
8	ITER	3032	1
9	ITER	2372	1
9	ITER	2632	1
9	ITER	2870	1
9	ITER	2876	1
9	ITER	3068	1
9	ITER	3111	1
9	ITER	3128	1
9	ITER	3158	1
9	ITER	3177	1
10	ITER	46	1
10	ITER	141	1
10	ITER	392	1
10	ITER	950	1
10	ITER	1158	1
10	ITER	1198	1
10	ITER	1262	1
10	ITER	1380	1
10	ITER	1471	1
10	ITER	1601	1
10	ITER	1613	1
10	ITER	1747	1
10	ITER	1795	1
10	ITER	1811	1
10	ITER	2060	1
10	ITER	2150	1
10	ITER	2256	1
10	ITER	2289	1
10	ITER	2342	1
10	ITER	2376	1
10	ITER	2433	1
10	ITER	2618	1
10	ITER	2664	1
10	ITER	2685	1
10	ITER	2700	1
10	ITER	2714	1
10	ITER	2777	1
10	ITER	2785	1
10	ITER	2851	1
10	ITER	2895	1
10	ITER	2896	1
10	ITER	2912	1
10	ITER	3039	1
10	ITER	3075	1
10	ITER	3156	1
11	ITER	1043	1
11	ITER	1188	1
11	ITER	1306	1
11	ITER	1358	1
11	ITER	1396	1
11	ITER	1491	1
11	ITER	1923	1
11	ITER	2246	1
11	ITER	2316	1
11	ITER	2527	1
11	ITER	2699	1
11	ITER	2710	1
11	ITER	2715	1
11	ITER	2716	1
11	ITER	2906	1
11	ITER	2923	1
11	ITER	2956	1
11	ITER	3073	1
11	ITER	3150	1
12	ITER	1523	1
12	ITER	2080	1
12	ITER	2246	1
12	ITER	2629	1
12	ITER	3127	1
13	ITER	115	1
13	ITER	1223	1
13	ITER	1231	1
13	ITER	1551	1
13	ITER	1625	1
13	ITER	1795	1
13	ITER	1807	1
13	ITER	1947	1
13	ITER	2495	1
13	ITER	2579	1
13	ITER	2897	1
14	ITER	74	1
14	ITER	117	1
14	ITER	232	1
14	ITER	776	1
14	ITER	827	1
14	ITER	850	1
14	ITER	851	1
14	ITER	852	1
14	ITER	854	1
14	ITER	855	1
14	ITER	856	1
14	ITER	857	1
14	ITER	858	1
14	ITER	860	1
14	ITER	861	1
14	ITER	862	1
14	ITER	864	1
14	ITER	865	1
14	ITER	866	1
14	ITER	1175	1
14	ITER	1724	1
14	ITER	1919	1
14	ITER	1956	1
14	ITER	1969	1
14	ITER	1980	1
14	ITER	1997	1
14	ITER	2017	1
14	ITER	2041	1
14	ITER	2108	1
14	ITER	2118	1
14	ITER	2146	1
14	ITER	2176	1
14	ITER	2191	1
14	ITER	2272	1
14	ITER	2337	1
14	ITER	2348	1
14	ITER	2397	1
14	ITER	2563	1
14	ITER	2664	1
14	ITER	2679	1
14	ITER	2714	1
14	ITER	2716	1
14	ITER	3075	1
14	ITER	3187	1
15	ITER	1231	1
15	ITER	1551	1
15	ITER	1613	1
15	ITER	1947	1
15	ITER	2263	1
15	ITER	2495	1
15	ITER	2598	1
15	ITER	2685	1
15	ITER	2701	1
15	ITER	2880	1
16	ITER	1746	1
16	ITER	1749	1
16	ITER	1828	1
16	ITER	1854	1
16	ITER	1960	1
16	ITER	2070	1
16	ITER	2114	1
16	ITER	2342	1
16	ITER	2376	1
16	ITER	2378	1
16	ITER	2500	1
16	ITER	2632	1
16	ITER	2817	1
16	ITER	2912	1
16	ITER	3073	1
16	ITER	3105	1
16	ITER	3148	1
17	ITER	115	1
17	ITER	405	1
17	ITER	1134	1
17	ITER	1223	1
17	ITER	1231	1
17	ITER	1535	1
17	ITER	1551	1
17	ITER	1613	1
17	ITER	1807	1
17	ITER	1934	1
17	ITER	1947	1
17	ITER	2290	1
17	ITER	2495	1
17	ITER	2579	1
17	ITER	2586	1
17	ITER	2923	1
18	ITER	1158	1
18	ITER	1215	1
18	ITER	1262	1
18	ITER	1471	1
18	ITER	1613	1
18	ITER	1811	1
18	ITER	2060	1
18	ITER	2175	1
18	ITER	2413	1
18	ITER	2433	1
18	ITER	2685	1
19	ITER	141	1
19	ITER	863	1
19	ITER	950	1
19	ITER	1601	1
19	ITER	2266	1
19	ITER	2664	1
19	ITER	2714	1
19	ITER	2973	1
19	ITER	3075	1
19	ITER	3156	1
19	ITER	3175	1
20	ITER	1563	1
20	ITER	2695	1
20	ITER	2986	1
21	ITER	1429	1
21	ITER	1847	1
21	ITER	2189	1
21	ITER	2490	1
21	ITER	2603	1
21	ITER	2701	1
21	ITER	2702	1
21	ITER	2703	1
21	ITER	2932	1
21	ITER	3018	1
21	ITER	3139	1
22	ITER	2369	1
22	ITER	2384	1
22	ITER	2441	1
22	ITER	2473	1
22	ITER	2564	1
22	ITER	2637	1
22	ITER	2638	1
22	ITER	2678	1
22	ITER	2692	1
22	ITER	2751	1
22	ITER	2760	1
22	ITER	2761	1
22	ITER	2827	1
22	ITER	2828	1
22	ITER	2829	1
22	ITER	3116	1
22	ITER	3149	1
23	ITER	2578	1
23	ITER	2849	1
23	ITER	3137	1
23	ITER	3148	1
24	ITER	268	1
24	ITER	1696	1
24	ITER	1892	1
24	ITER	2069	1
24	ITER	2123	1
24	ITER	2297	1
24	ITER	2373	1
24	ITER	2667	1
24	ITER	2862	1
24	ITER	2970	1
24	ITER	2996	1
24	ITER	3078	1
24	ITER	3098	1
25	ITER	268	1
25	ITER	757	1
25	ITER	963	1
25	ITER	1408	1
25	ITER	1518	1
25	ITER	1526	1
25	ITER	1533	1
25	ITER	1572	1
25	ITER	1653	1
25	ITER	1698	1
25	ITER	1719	1
25	ITER	1805	1
25	ITER	1892	1
25	ITER	1901	1
25	ITER	2085	1
25	ITER	2095	1
25	ITER	2218	1
25	ITER	2277	1
25	ITER	2318	1
25	ITER	2319	1
25	ITER	2358	1
25	ITER	2373	1
25	ITER	2434	1
25	ITER	2452	1
25	ITER	2535	1
25	ITER	2582	1
25	ITER	2667	1
25	ITER	2668	1
25	ITER	2669	1
25	ITER	2681	1
25	ITER	2741	1
25	ITER	2765	1
25	ITER	2798	1
25	ITER	2818	1
25	ITER	2831	1
25	ITER	2859	1
25	ITER	2862	1
25	ITER	2863	1
25	ITER	2881	1
25	ITER	2918	1
25	ITER	2928	1
25	ITER	2984	1
25	ITER	2988	1
25	ITER	2996	1
25	ITER	3006	1
25	ITER	3048	1
25	ITER	3059	1
25	ITER	3067	1
25	ITER	3088	1
25	ITER	3089	1
25	ITER	3119	1
26	ITER	1071	1
26	ITER	1198	1
26	ITER	1338	1
26	ITER	1749	1
26	ITER	1828	1
26	ITER	1854	1
26	ITER	1960	1
26	ITER	2080	1
26	ITER	2150	1
26	ITER	2256	1
26	ITER	2320	1
26	ITER	2342	1
26	ITER	2376	1
26	ITER	2379	1
26	ITER	2541	1
26	ITER	2597	1
26	ITER	2618	1
26	ITER	2632	1
26	ITER	2700	1
26	ITER	2740	1
26	ITER	2777	1
26	ITER	2851	1
26	ITER	2866	1
26	ITER	2912	1
26	ITER	2938	1
26	ITER	3039	1
26	ITER	3043	1
26	ITER	3048	1
26	ITER	3082	1
26	ITER	3128	1
27	ITER	1641	1
27	ITER	1642	1
27	ITER	1750	1
27	ITER	1752	1
27	ITER	1879	1
27	ITER	1884	1
27	ITER	1901	1
27	ITER	2095	1
27	ITER	2297	1
27	ITER	2435	1
27	ITER	2481	1
27	ITER	2498	1
27	ITER	2560	1
27	ITER	2596	1
27	ITER	2669	1
27	ITER	2734	1
27	ITER	2747	1
27	ITER	2768	1
27	ITER	2798	1
27	ITER	2818	1
27	ITER	2859	1
27	ITER	2864	1
27	ITER	2902	1
27	ITER	2918	1
27	ITER	2955	1
27	ITER	2983	1
27	ITER	2988	1
27	ITER	3000	1
27	ITER	3052	1
28	ITER	2578	1
28	ITER	2849	1
28	ITER	2890	1
28	ITER	2949	1
28	ITER	3032	1
29	ITER	377	1
29	ITER	513	1
29	ITER	610	1
29	ITER	935	1
29	ITER	1094	1
29	ITER	1420	1
29	ITER	1537	1
29	ITER	1538	1
29	ITER	1539	1
29	ITER	1840	1
29	ITER	1841	1
29	ITER	1967	1
29	ITER	2028	1
29	ITER	2089	1
29	ITER	2120	1
29	ITER	2462	1
29	ITER	2927	1
29	ITER	2932	1
29	ITER	3037	1
30	ITER	1926	1
30	ITER	2486	1
30	ITER	2786	1
30	ITER	2917	1
31	ITER	2125	1
31	ITER	3047	1
32	ITER	366	1
32	ITER	1145	1
32	ITER	3139	1
33	ITER	2805	1
36	ITER	1265	1
36	ITER	1350	1
36	ITER	1683	1
36	ITER	1768	1
36	ITER	1787	1
36	ITER	1825	1
36	ITER	1836	1
36	ITER	2015	1
36	ITER	2084	1
36	ITER	2110	1
36	ITER	2179	1
36	ITER	2340	1
36	ITER	2423	1
36	ITER	2702	1
36	ITER	2708	1
36	ITER	2733	1
36	ITER	2824	1
36	ITER	2836	1
36	ITER	2986	1
36	ITER	3094	1
37	ITER	2265	1
37	ITER	2377	1
37	ITER	2558	1
37	ITER	2625	1
37	ITER	2632	1
37	ITER	2651	1
37	ITER	2738	1
37	ITER	2840	1
37	ITER	2939	1
37	ITER	2941	1
37	ITER	3144	1
37	ITER	3148	1
38	ITER	2265	1
38	ITER	2558	1
38	ITER	2625	1
38	ITER	2632	1
38	ITER	2651	1
38	ITER	2868	1
38	ITER	2939	1
38	ITER	2940	1
38	ITER	2941	1
38	ITER	2956	1
38	ITER	2957	1
38	ITER	2958	1
38	ITER	2960	1
38	ITER	3031	1
38	ITER	3103	1
38	ITER	3150	1
39	ITER	1693	1
39	ITER	1861	1
39	ITER	2126	1
39	ITER	2265	1
39	ITER	2317	1
39	ITER	2558	1
39	ITER	2625	1
39	ITER	2632	1
39	ITER	2651	1
39	ITER	2939	1
39	ITER	2941	1
39	ITER	3031	1
40	ITER	1614	1
40	ITER	2126	1
40	ITER	2148	1
40	ITER	2265	1
40	ITER	2651	1
40	ITER	2939	1
40	ITER	2940	1
40	ITER	2941	1
40	ITER	2956	1
40	ITER	2958	1
42	ITER	963	1
42	ITER	1069	1
42	ITER	1518	1
42	ITER	1572	1
42	ITER	1653	1
42	ITER	1805	1
42	ITER	1827	1
42	ITER	1884	1
42	ITER	2022	1
42	ITER	2085	1
42	ITER	2151	1
42	ITER	2247	1
42	ITER	2318	1
42	ITER	2344	1
42	ITER	2522	1
42	ITER	2542	1
42	ITER	2749	1
42	ITER	2951	1
42	ITER	2984	1
42	ITER	3048	1
42	ITER	3072	1
43	ITER	122	1
43	ITER	266	1
43	ITER	297	1
43	ITER	462	1
43	ITER	1113	1
43	ITER	1325	1
43	ITER	1528	1
43	ITER	1554	1
43	ITER	1686	1
43	ITER	1697	1
43	ITER	2004	1
43	ITER	2195	1
43	ITER	2201	1
43	ITER	2211	1
43	ITER	2382	1
43	ITER	2400	1
43	ITER	2421	1
43	ITER	2514	1
43	ITER	2523	1
43	ITER	2655	1
43	ITER	2687	1
43	ITER	2751	1
43	ITER	2754	1
43	ITER	2771	1
43	ITER	2788	1
43	ITER	2811	1
43	ITER	2826	1
43	ITER	2827	1
43	ITER	2828	1
43	ITER	2829	1
43	ITER	2841	1
43	ITER	2883	1
43	ITER	2910	1
43	ITER	2913	1
43	ITER	2924	1
43	ITER	2994	1
43	ITER	3047	1
43	ITER	3062	1
43	ITER	3116	1
43	ITER	3149	1
43	ITER	3172	1
44	ITER	1804	1
44	ITER	1891	1
44	ITER	2004	1
44	ITER	2382	1
44	ITER	2514	1
44	ITER	2523	1
44	ITER	2547	1
44	ITER	2687	1
44	ITER	2751	1
44	ITER	2771	1
44	ITER	2827	1
44	ITER	2829	1
44	ITER	2910	1
44	ITER	2913	1
44	ITER	2924	1
44	ITER	3013	1
44	ITER	3047	1
45	ITER	268	1
45	ITER	1831	1
45	ITER	1935	1
45	ITER	2140	1
45	ITER	2257	1
45	ITER	2359	1
45	ITER	2360	1
45	ITER	2452	1
45	ITER	2493	1
45	ITER	2669	1
45	ITER	2680	1
45	ITER	2716	1
45	ITER	2765	1
45	ITER	2816	1
45	ITER	2878	1
45	ITER	2882	1
45	ITER	2900	1
45	ITER	2964	1
45	ITER	2965	1
45	ITER	2969	1
45	ITER	3002	1
45	ITER	3058	1
45	ITER	3129	1
45	ITER	3137	1
45	ITER	3152	1
45	ITER	3168	1
48	ITER	149	1
48	ITER	1353	1
48	ITER	1666	1
48	ITER	1729	1
48	ITER	1797	1
48	ITER	1863	1
48	ITER	2073	1
48	ITER	2223	1
48	ITER	2226	1
48	ITER	2285	1
48	ITER	2325	1
48	ITER	2589	1
49	ITER	1152	1
49	ITER	1515	1
49	ITER	1681	1
49	ITER	2127	1
49	ITER	2390	1
49	ITER	2561	1
49	ITER	2795	1
49	ITER	2832	1
57	ITER	3077	1
58	ITER	432	1
58	ITER	536	1
58	ITER	1293	1
58	ITER	1344	1
58	ITER	1398	1
58	ITER	1411	1
58	ITER	1420	1
58	ITER	1445	1
58	ITER	1619	1
58	ITER	1629	1
58	ITER	1631	1
58	ITER	1691	1
58	ITER	1709	1
58	ITER	1812	1
58	ITER	1944	1
58	ITER	2098	1
58	ITER	2115	1
58	ITER	2122	1
58	ITER	2123	1
58	ITER	2249	1
58	ITER	2349	1
58	ITER	2395	1
58	ITER	2634	1
58	ITER	2636	1
58	ITER	2719	1
58	ITER	2731	1
58	ITER	2825	1
58	ITER	3159	1
58	ITER	3166	1
58	ITER	3167	1
59	ITER	440	1
59	ITER	944	1
59	ITER	1112	1
59	ITER	1170	1
59	ITER	1235	1
59	ITER	1314	1
59	ITER	1324	1
59	ITER	1456	1
59	ITER	1457	1
59	ITER	1700	1
59	ITER	1785	1
59	ITER	1786	1
59	ITER	1855	1
59	ITER	1860	1
59	ITER	1885	1
59	ITER	1973	1
59	ITER	2018	1
59	ITER	2032	1
59	ITER	2033	1
59	ITER	2092	1
59	ITER	2107	1
59	ITER	2111	1
59	ITER	2127	1
59	ITER	2203	1
59	ITER	2251	1
59	ITER	2274	1
59	ITER	2359	1
59	ITER	2412	1
59	ITER	2524	1
59	ITER	2530	1
59	ITER	2532	1
59	ITER	2537	1
59	ITER	2543	1
59	ITER	2552	1
59	ITER	2559	1
59	ITER	2631	1
59	ITER	2673	1
59	ITER	2905	1
59	ITER	2974	1
59	ITER	2991	1
59	ITER	3053	1
59	ITER	3083	1
59	ITER	3126	1
60	ITER	2023	1
60	ITER	2046	1
60	ITER	2198	1
60	ITER	2377	1
60	ITER	2406	1
60	ITER	2452	1
60	ITER	2493	1
60	ITER	2516	1
60	ITER	2526	1
60	ITER	2593	1
60	ITER	2710	1
60	ITER	2715	1
60	ITER	2716	1
60	ITER	2717	1
60	ITER	2718	1
60	ITER	2765	1
60	ITER	2816	1
60	ITER	2817	1
60	ITER	2882	1
60	ITER	2957	1
60	ITER	2959	1
60	ITER	2960	1
60	ITER	2964	1
60	ITER	2976	1
60	ITER	3087	1
60	ITER	3137	1
60	ITER	3147	1
61	ITER	239	1
61	ITER	440	1
61	ITER	634	1
61	ITER	1032	1
61	ITER	1236	1
61	ITER	1457	1
61	ITER	1514	1
61	ITER	1675	1
61	ITER	1830	1
61	ITER	1927	1
61	ITER	1976	1
61	ITER	2160	1
61	ITER	2307	1
61	ITER	2363	1
61	ITER	2451	1
61	ITER	2452	1
61	ITER	2524	1
61	ITER	2575	1
61	ITER	2631	1
61	ITER	2641	1
61	ITER	2711	1
61	ITER	2765	1
61	ITER	2965	1
61	ITER	2966	1
61	ITER	2976	1
61	ITER	2990	1
61	ITER	3001	1
61	ITER	3012	1
61	ITER	3134	1
61	ITER	3168	1
61	ITER	3169	1
62	ITER	950	1
62	ITER	1601	1
62	ITER	1811	1
62	ITER	2289	1
62	ITER	2664	1
62	ITER	2714	1
62	ITER	3075	1
62	ITER	3156	1
63	ITER	950	1
63	ITER	1601	1
63	ITER	1795	1
63	ITER	1811	1
63	ITER	2266	1
63	ITER	2289	1
63	ITER	2557	1
63	ITER	2664	1
63	ITER	2714	1
63	ITER	2973	1
63	ITER	3075	1
63	ITER	3156	1
64	ITER	2651	1
